Day,Max Temp,Avg Temp,Min Temp,Humidity (%) Max,Humidity (%) Avg,Humidity (%) Min
1,68,51.3,37,86,46.3,16
2,39,24.5,16,97,90.3,78
3,41,26.7,15,92,74.1,43
4,59,42.8,26,67,48.4,24
5,68,53.4,37,70,41.3,20
6,73,58.6,43,52,27.1,13
7,72,58.8,44,38,22.7,12
8,68,53.5,40,60,35.4,19
9,57,44.7,32,85,61.6,42
10,72,56.5,37,76,39.4,17
11,69,56,37,82,29.9,12
12,37,23.9,20,89,79.6,63
13,25,19.9,15,89,82.8,66
14,46,30.5,13,88,51.8,23
15,54,38.8,23,92,57.4,24
16,32,26.4,20,96,89.2,81
17,55,29.2,12,92,73.1,22
18,56,46.1,35,74,52.9,41
19,62,46.6,34,86,60.7,19
20,64,50.8,33,85,48,25
21,66,52.7,41,73,50.8,29
22,66,54.3,41,70,45.1,27
23,67,55.7,46,83,41.3,21
24,60,46.6,39,93,66.7,31
25,64,50.7,39,83,53.4,26
26,72,59.5,47,59,37,18
27,78,62.2,42,73,35.2,15
28,72,59.6,48,56,40.2,20
29,70,55.2,40,62,33.3,18
30,81,65.9,45,49,29.6,16
